KR = 0.01;
AB = 0.0226;
C = 0.003;
TN = 0.14;
k = 0.001
