KR = 0.002;
AB = 0.0226;
C = 
